# Ejemplo de 100 elementos: todos los valores de x son menores o iguales a f[0]
100
23
8
61
89
38
31
14
37
91
20
41
98
32
42
2
36
30
23
63
16
47
26
94
1
83
22
66
94
87
16
30
29
78
90
19
76
88
5
71
65
17
55
68
22
0
14
70
35
75
46
50
30
54
12
99
61
94
81
66
88
4
93
83
95
61
31
16
50
40
81
4
77
62
84
85
12
49
52
48
31
71
90
32
58
63
43
87
40
81
56
91
74
35
22
3
72
3
15
98
93
109
111
116
124
125
132
136
146
152
155
163
166
173
177
187
196
201
204
210
219
223
232
233
236
237
242
244
248
254
260
261
263
270
280
290
297
305
314
322
327
336
346
354
360
370
378
379
384
391
397
403
409
415
417
426
433
437
443
450
459
469
476
484
491
496
500
506
511
515
519
527
528
534
535
544
551
554
564
574
580
583
591
597
605
611
616
625
633
641
646
647
651
652
659
667
676
686
696
702
708
